274.55486212372483
365.3194167910182
979.6688667326436
597.6267579001179
173.239263168962
153.44906841845162
401.0176504769912
991.6029936397139
857.0807533516161
745.2457661496765
235.62051166692189
724.2714500039492
271.751230385772
368.06722386682986
459.55405710983064
753.5954018390726
682.8196955988969
663.6285224546323
621.8694572326466
622.0826113938813
946.1238251773175
165.77905927485014
557.5703589698621
480.7491108101446
808.9003571809282
750.6352515512824
428.9116155285292
87.22418540255904
297.0028089800897
509.172949689386
621.5379509075659
953.1978836861508
99.98005204710803
919.1409865753433
331.5531554627147
821.2952675950561
878.4847755181044
26.16516544234615
645.4301517028761
562.5944707606858
587.4262258785564
583.1702570559939
536.7422885350691
403.38843917822476
233.47662380220524
742.7544933201087
482.0173965124461
113.42297218710928
966.9865375824623
948.9098722932597
332.5853966434197
417.72661574326463
46.05919427879901
132.4884994364327
670.1118329198126
430.2805629278631
4.479186710013572
179.0737132587925
120.57830400579716
350.1598527865064
305.3868993315155
908.4221683800099
4.793152723275851
9.409635831164053
869.0342469804397
481.4007909944984
263.08416956827364
116.80325515547251
125.65382705890981
233.35078942136067
807.6465118449639
202.7617800656837
663.4176936909864
422.0680567261703
328.08924157470045
338.0971710948932
116.65835069737629
274.09781689965604
104.04373719654726
672.8745837354384
670.9691608668392
14.798692675352942
563.2677793045857
721.5711384147037
449.4969237780656
275.639180693397
164.4997085157749
106.84284926885523
88.68475085235971
386.44777856852994
681.3870483792888
166.5924728820577
11.918564395755006
580.8452879855956
117.13415288440076
427.66520295365706
265.97595454939824
69.84601067279739
289.0842087328328
454.381256932028
