8.642345102326037E118
2.2655666797980295E158
Infinity
1.757815129364873E259
8.626329593827038E74
2.1930759467666924E66
7.223085444208477E173
Infinity
Infinity
Infinity
1.0657566335748682E102
Infinity
5.236363793481831E117
3.536179475794933E159
1.9088031516109936E199
Infinity
1.7530565985528105E296
8.11288537522069E287
5.935314614538213E269
7.345399492906739E269
Infinity
4.964787473830235E71
7.058301047652903E241
3.05953910954076E208
Infinity
Infinity
9.395455773829308E185
3.8014774021760717E37
4.848987383736382E128
6.760399933978215E220
4.260615833159146E269
Infinity
1.3175129990075787E43
Infinity
4.905416407974919E143
Infinity
Infinity
1.1544017435772688E11
1.0132657029200254E280
1.0731099086516932E244
6.530379627494191E254
9.259651759027757E252
6.356003376410119E232
7.7329144044686965E174
1.2490487095807301E101
Infinity
1.0875907144963274E209
9.076970965361688E48
Infinity
Infinity
1.3771223545992385E144
1.3041698795950901E181
5.037602786598594E19
1.72979335813754E57
5.306904831131746E290
3.693551459766589E186
44.075799419370775
2.9491409297603055E77
1.1626850045855314E52
5.908290675884789E151
2.1223413204840485E132
Infinity
60.336478901474564
6102.712624716608
Infinity
5.870527368856112E208
9.015153461228371E113
2.666730859968787E50
1.860945806629089E54
1.1013622783082121E101
Infinity
5.718633021878132E87
6.570729235824939E287
1.0018392169885769E183
1.5357382176546646E142
3.4096182579126503E146
2.3070020484379927E50
5.471915542949874E118
7.66639064854543E44
8.407923151537874E291
1.2507603232650016E291
1336474.1793791542
2.1040613085142367E244
Infinity
8.184716360596138E194
2.5559077557021028E119
1.3812926071832983E71
1.2595919389944752E46
1.6378266311263465E38
3.397095690713508E167
4.184129868031408E295
1.1198547685107727E72
75013.03783051597
9.054686450653105E251
3.71266910826248E50
2.7015172758686136E185
1.625022520610729E115
1.0782191041272566E30
1.7646015743967076E125
1.0820381424888303E197
